4294967279,304
4294967279,303
4294967279,302
4294967279,301
3,4
3,3
3,2
3,1
4294967279,300
4294967294,187
4294967279,299
4294967279,298
4294967279,297
4294967279,296
4294967279,295
2,4
2,3
2,2
2,1
4294967279,294
4294967279,293
4294967279,547
4294967279,546
4294967294,1321
4294967279,545
4294967279,544
4294967279,543
4294967279,542
4294967279,541
4294967279,540
4294967279,539
4294967279,538
4294967279,537
4294967279,536
4294967279,535
4294967279,534
4294967279,533
4294967279,532
4294967279,531
4294967294,1301
4294967279,530
4294967279,529
4294967279,528
4294967279,527
4294967279,526
4294967279,525
4294967279,524
4294967279,523
4294967279,522
4294967279,521
4294967279,520
4294967279,519
4294967279,518
4294967294,1283
4294967279,517
4294967279,516
4294967279,515
4294967294,1215
4294967279,514
4294967294,1214
4294967279,513
4294967294,1213
4294967279,512
4294967294,1212
4294967279,511
4294967294,1211
4294967294,1210
4294967279,510
4294967279,509
4294967294,1208
4294967279,508
4294967279,507
4294967294,1205
4294967279,506
4294967294,1203
4294967279,505
4294967279,504
4294967294,1201
4294967279,503
4294967279,502
4294967279,501
4294967294,1197
4294967279,500
4294967279,499
4294967279,498
4294967279,497
4294967279,496
4294967294,1190
4294967279,495
4294967294,1189
4294967279,494
4294967294,1187
4294967279,493
4294967294,1186
4294967279,492
4294967279,491
4294967279,490
4294967279,489
4294967279,488
4294967279,487
4294967279,486
4294967279,485
4294967279,484
4294967279,483
4294967279,482
4294967279,481
4294967279,480
4294967279,479
4294967279,478
4294967279,477
4294967279,476
4294967279,475
4294967279,474
4294967279,473
4294967279,472
4294967279,471
4294967279,470
4294967294,1155
4294967279,469
4294967279,468
4294967279,467
4294967279,466
4294967279,465
4294967279,464
4294967279,463
4294967279,462
4294967279,461
4294967294,580
4294967279,460
4294967294,578
4294967279,459
4294967279,458
4294967294,577
4294967279,457
4294967279,456
4294967279,455
4294967279,454
4294967279,453
4294967279,452
4294967279,451
4294967279,450
4294967279,449
4294967294,1574
4294967279,448
4294967294,1573
4294967294,1572
4294967279,447
4294967294,1571
4294967279,446
4294967294,1570
4294967279,445
4294967294,1569
4294967294,1568
4294967279,444
4294967294,1567
4294967279,443
4294967294,1566
4294967279,442
4294967294,1565
4294967294,1564
4294967279,441
4294967294,1563
4294967279,440
4294967294,1562
4294967294,1561
4294967279,439
4294967294,1560
4294967279,438
4294967294,1559
4294967279,437
4294967294,1558
4294967294,1557
4294967279,436
4294967294,1556
4294967279,435
4294967294,1555
4294967294,1554
4294967279,434
4294967294,1553
4294967279,433
4294967294,1552
4294967294,1551
4294967279,432
4294967294,1550
4294967279,431
4294967294,1549
4294967279,430
4294967294,1548
4294967294,1547
4294967279,429
4294967294,1546
4294967279,428
4294967294,1545
4294967294,1544
4294967279,427
4294967294,1543
4294967279,426
4294967294,1542
4294967279,425
4294967294,1541
4294967294,1540
4294967279,424
4294967294,1539
4294967279,423
4294967294,1538
4294967279,422
4294967294,1537
4294967294,1536
4294967279,421
4294967294,1535
4294967279,420
4294967294,1534
4294967279,419
4294967294,1533
4294967279,418
4294967294,1532
4294967294,1531
4294967279,417
4294967294,1530
4294967279,416
4294967294,1529
4294967279,415
4294967294,1528
4294967294,1527
4294967279,414
4294967294,1526
4294967279,413
4294967294,1525
4294967279,412
4294967294,1524
4294967294,1523
4294967279,411
4294967294,1522
4294967279,410
4294967294,1521
4294967279,409
4294967294,1520
4294967294,1519
4294967279,408
4294967294,1518
4294967279,407
4294967294,1517
4294967279,406
4294967294,1516
4294967294,1515
4294967279,405
4294967294,1514
4294967279,404
4294967294,1513
4294967294,1512
4294967279,403
4294967294,1511
4294967279,402
4294967294,1510
4294967294,1509
4294967279,401
4294967294,1458
4294967294,1508
4294967279,400
4294967294,1507
4294967279,399
4294967294,1506
4294967294,1505
4294967279,398
4294967294,1504
4294967279,397
4294967294,1457
4294967294,1503
4294967294,1502
4294967279,396
4294967294,1501
4294967279,395
4294967294,1500
4294967279,394
4294967294,1499
4294967294,1498
4294967279,393
4294967294,1497
4294967279,392
4294967294,1496
4294967294,1495
4294967279,391
4294967294,1494
4294967279,390
4294967294,1493
4294967294,1456
4294967294,1492
4294967279,389
4294967294,1491
4294967279,388
4294967294,1490
4294967279,387
4294967294,1489
4294967294,1488
4294967279,386
4294967294,1487
4294967279,385
4294967294,1486
4294967294,1485
4294967279,384
4294967294,1484
4294967279,292
4294967294,1483
4294967294,1455
4294967279,291
4294967294,1482
4294967279,290
4294967294,1481
4294967279,283
4294967294,1480
4294967294,1479
4294967279,282
4294967294,1454
4294967294,1478
4294967279,383
4294967294,1477
4294967294,1453
4294967279,382
4294967294,1476
4294967294,1475
4294967279,381
4294967294,1474
4294967279,380
4294967294,1473
4294967294,1472
4294967279,379
4294967294,1452
4294967279,378
4294967294,1451
4294967294,1450
4294967279,377
4294967294,1449
4294967279,376
4294967294,1448
4294967279,375
4294967294,1447
4294967294,1446
4294967294,1445
4294967279,374
4294967294,1444
4294967294,1443
4294967294,1442
4294967279,373
4294967294,1441
4294967294,1440
4294967279,372
4294967294,1439
4294967279,371
4294967294,1438
4294967294,1437
4294967279,370
4294967294,1436
4294967279,369
4294967294,1435
4294967294,1434
4294967279,368
4294967294,1433
4294967279,367
4294967294,1432
4294967294,1431
4294967279,366
4294967294,1430
4294967294,1429
4294967279,365
4294967294,1428
4294967294,1427
4294967279,364
4294967279,363
4294967294,1425
4294967279,362
4294967279,361
4294967294,1422
4294967279,360
4294967294,1415
4294967279,359
4294967294,1413
4294967279,358
4294967294,1412
4294967279,357
4294967294,1410
4294967294,1409
4294967294,1411
4294967279,356
4294967294,1421
4294967294,1426
4294967294,472
4294967278,336
4294967293,131
4294967293,130
4294967293,129
4294967293,128
4294967293,127
4294967293,126
4294967293,125
4294967293,124
4294967293,123
4294967293,122
4294967293,121
4294967293,120
4294967293,119
4294967293,118
4294967293,117
4294967293,116
4294967293,115
4294967293,114
4294967293,113
4294967293,112
4294967293,111
4294967293,110
4294967293,109
4294967293,108
4294967293,107
4294967293,106
4294967293,105
4294967293,104
4294967293,103
4294967293,102
4294967293,101
4294967293,100
4294967293,99
4294967293,98
4294967293,97
4294967293,96
4294967293,95
4294967293,94
4294967293,93
4294967293,92
4294967293,91
4294967293,90
4294967293,89
4294967293,88
4294967293,87
4294967293,86
4294967293,85
4294967293,84
4294967293,83
4294967293,82
4294967293,81
4294967293,80
4294967293,79
4294967293,78
4294967293,77
4294967293,76
4294967293,75
4294967293,74
4294967293,73
4294967293,72
4294967293,71
4294967293,70
4294967293,69
4294967293,68
4294967293,67
4294967293,66
4294967293,65
4294967293,64
4294967293,63
4294967293,62
4294967293,61
4294967293,60
4294967293,59
4294967293,58
4294967293,57
4294967293,56
4294967293,55
4294967293,54
4294967293,53
4294967293,52
4294967293,51
4294967293,50
4294967293,49
4294967293,48
4294967293,47
4294967293,46
4294967293,45
4294967293,44
4294967293,43
4294967293,42
